t = 0: mass = 5.610368e-01
t = 0.2: mass = 5.610368e-01
mass diff: 3.632650e-13
