CFL = 0.125
dt_mean = 0.000471698
CFL = 0.25
dt_mean = 0.000938967
CFL = 0.5
dt_mean = 0.00186916
CFL = 1
dt_mean = 0.0037037
